22
31
19
24
31
16
10
13
62
34
22
13
32
11
42
24
8
37
38
19
21
14
16
37
20
14
0
33
5
37
22
20
6
12
25
12
24
17
37
24
48
37
19
1
9
6
1
21
20
4
23
13
32
33
26
8
12
21
18
18
9
8
20
5
24
23
7
7
10
34
6
14
29
27
7
32
23
44
26
9
21
14
10
14
24
38
21
33
10
13
12
34
8
23
20
16
18
24
42
20
16
33
22
17
29
19
43
30
29
35
29
25
57
30
43
23
13
26
30
14
17
63
36
17
40
44
26
20
11
21
15
12
18
31
26
12
11
11
23
32
31
52
4
33
25
3
15
26
12
43
12
11
15
14
4
16
17
1
38
21
15
18
16
2
16
22
19
26
2
17
18
13
11
5
5
25
17
27
4
46
10
10
21
48
8
58
22
34
21
30
42
25
52
4
6
25
16
7
20
36
16
14
19
30
18
10
1
3
4
8
48
1
11
20
21
25
29
17
10
6
9
15
35
13
18
7
20
16
17
14
23
16
7
7
14
28
8
15
14
14
8
4
4
4
1
10
1
28
13
3
17
7
10
22
6
3
3
8
33
14
17
15
28
25
15
28
14
33
37
44
20
12
12
15
20
14
12
20
33
10
15
20
48
31
32
21
15
23
22
18
20
30
24
46
56
54
16
35
20
45
28
46
30
48
24
46
39
38
32
48
31
19
19
26
9
1
9
7
1
9
23
7
10
2
1
27
17
4
9
13
22
18
21
9
12
7
2
1
12
14
32
6
21
7
17
9
28
16
18
10
12
19
19
21
9
6
15
12
13
5
14
23
34
10
8
19
39
4
3
24
49
18
9
26
20
12
29
20
5
9
36
19
6
5
17
29
24
39
22
32
18
18
8
20
26
17
18
35
22
17
10
1
25
1
9
1
12
1
18
1
24
1
17
1
21
9
1
23
36
54
7
30
19
2
40
26
15
37
23
37
49
20
18
34
20
36
22
15
20
15
23
20
1
15
6
6
1
27
2
1
22
29
23
24
4
1
10
19
1
9
27
19
25
11
13
21
21
11
14
29
24
18
29
39
39
31
1
46
7
14
24
5
6
18
13
17
2
2
10
4
18
6
16
26
2
12
9
34
3
26
24
13
30
11
16
16
1
7
15
11
11
24
2
30
14
32
5
24
45
1
17
1
6
32
14
42
21
18
21
24
20
26
13
17
3
28
14
11
26
7
2
29
20
34
35
3
20
1
24
8
12
42
27
25
35
34
33
49
31
19
10
7
27
11
8
12
9
23
10
26
5
23
15
1
20
5
14
3
15
20
17
1
26
4
9
22
33
21
5
5
12
18
21
5
29
23
25
3
4
13
7
10
2
16
5
29
1
31
11
20
2
30
27
8
8
12
14
3
22
23
32
17
26
18
22
13
23
4
15
16
8
21
21
3
20
17
33
8
1
1
11
1
17
6
36
20
13
1
16
5
12
8
21
1
39
4
16
28
21
11
3
7
36
14
20
18
38
9
1
17
21
26
28
22
52
15
15
37
19
17
18
23
1
53
1
54
6
9
22
24
17
23
22
15
23
28
12
33
6
1
26
27
1
2
76
6
1
25
4
13
19
1
7
60
22
15
33
12
28
1
16
31
7
1
1
1
40
24
25
1
5
46
12
20
47
14
3
13
10
62
21
12
32
23
13
21
12
9
15
39
16
35
5
34
22
23
45
10
6
16
34
2
1
1
1
11
16
26
2
1
1
1
41
16
7
26
10
21
23
30
54
40
48
32
36
31
62
1
2
13
17
24
1
7
22
9
5
41
1
10
42
10
11
21
17
7
44
38
7
1
13
14
20
20
40
40
53
6
24
14
11
12
8
11
30
33
31
20
23
17
17
13
1
1
24
14
11
14
5
9
9
12
8
1
8
23
9
40
27
7
35
13
1
40
32
21
19
4
3
4
6
18
11
12
27
6
18
15
7
27
28
23
9
34
16
21
13
5
7
20
17
20
2
3
21
11
22
16
9
16
18
21
17
19
3
11
2
3
16
27
2
1
35
44
29
52
15
2
12
5
9
7
31
26
16
10
26
18
9
2
6
3
5
33
9
20
29
11
9
19
23
9
17
5
3
14
6
9
10
6
6
24
29
29
44
21
31
8
21
21
20
32
8
57
23
41
16
14
26
30
10
7
16
34
1
13
13
10
33
10
8
9
17
27
1
40
1
28
15
8
22
17
4
12
14
8
8
15
15
15
4
26
15
1
31
15
42
25
13
6
7
1
4
12
26
13
2
12
6
52
5
4
3
1
2
14
14
9
7
1
3
27
5
14
7
3
45
29
11
1
14
15
30
28
14
6
20
1
20
5
2
33
6
8
7
1
19
11
7
10
29
14
23
9
10
16
29
19
10
7
20
20
27
20
17
37
10
25
14
24
14
18
10
26
12
15
14
36
18
22
28
33
7
7
14
12
13
19
18
27
25
7
1
1
15
32
1
1
0
12
22
13
29
23
18
14
8
15
25
16
18
27
29
35
29
16
12
16
37
13
20
24
24
25
32
17
41
25
7
17
23
8
8
11
15
13
17
20
15
17
27
11
10
6
11
19
26
9
15
9
13
15
20
20
23
23
25
46
15
19
24
35
16
9
8
15
13
19
18
32
13
21
25
8
5
3
21
10
15
9
16
33
29
2
37
8
28
9
22
12
22
23
17
8
5
15
9
16
23
15
16
5
4
13
15
21
25
17
11
9
8
10
32
23
0
20
0
22
10
7
12
30
17
12
19
19
14
1
30
25
9
29
27
24
20
37
33
25
20
25
39
33
6
33
17
19
29
14
15
3
23
20
2
13
13
13
29
10
14
42
22
14
18
35
18
32
14
9
31
11
6
20
4
15
23
17
1
2
27
1
27
10
2
4
26
18
7
16
20
8
9
20
15
45
12
35
21
24
25
26
13
5
22
12
36
26
25
38
22
1
7
4
1
22
33
3
1
17
5
35
14
27
28
35
20
7
1
8
13
14
30
30
24
24
22
8
11
12
1
47
10
21
38
27
20
1
45
24
24
19
16
54
21
28
1
0
3
8
4
27
14
18
8
13
19
17
23
35
0
34
1
19
1
14
30
1
5
1
25
1
34
1
23
1
22
5
32
21
30
10
12
16
24
21
34
23
10
3
13
9
38
10
8
3
6
15
10
4
33
11
1
3
18
44
10
29
32
40
23
10
1
16
17
13
6
0
1
6
29
4
14
1
9
30
4
7
41
30
19
26
27
11
1
2
25
63
15
18
28
32
51
17
23
15
9
4
16
28
23
20
5
7
2
9
11
12
6
18
16
14
41
12
8
11
4
12
8
44
6
35
5
47
19
32
19
6
28
7
69
1
1
1
29
13
15
9
12
6
17
8
14
10
12
25
20
8
32
18
13
12
14
10
7
17
8
17
20
12
5
20
22
20
17
24
23
8
17
13
24
14
24
13
25
37
12
19
13
1
17
1
19
18
1
7
15
10
1
7
18
18
1
6
12
1
13
1
4
14
15
11
16
38
16
25
10
20
15
29
44
12
17
23
16
43
15
37
1
29
33
26
1
0
6
9
1
3
1
25
13
11
30
19
7
19
27
15
40
35
37
27
30
20
6
21
22
4
7
7
14
4
9
17
4
16
12
30
17
14
13
9
7
9
13
14
21
15
19
20
9
18
22
18
3
2
9
15
28
24
13
36
36
28
38
48
50
10
3
14
9
3
29
16
11
12
39
19
58
11
15
6
36
12
24
4
4
20
16
12
12
13
7
8
5
2
8
12
5
3
23
32
13
5
2
20
19
3
5
10
1
8
1
17
31
10
17
24
27
13
25
8
22
24
27
19
26
12
33
29
9
53
28
14
22
17
20
1
37
16
36
20
14
9
17
35
30
17
30
8
1
9
28
4
4
1
22
10
8
21
16
16
19
13
20
5
15
13
4
17
24
15
10
11
37
7
10
7
35
19
16
7
15
31
6
6
13
14
20
6
24
28
21
14
13
52
25
18
3
15
23
19
44
31
16
1
59
32
5
21
24
42
29
41
29
21
18
33
2
1
38
1
14
1
30
1
23
1
39
1
30
1
21
32
17
21
36
20
34
29
37
16
6
2
8
1
10
1
8
0
3
25
28
17
9
9
13
20
28
24
11
31
14
23
23
12
6
23
18
14
21
19
24
7
7
39
14
38
16
11
17
20
53
15
18
28
14
10
18
12
12
23
27
16
12
28
25
19
14
29
5
1
1
17
24
10
1
1
7
24
28
31
5
30
3
11
14
20
25
6
17
16
30
30
52
18
12
9
29
22
19
19
14
19
15
22
19
22
1
22
23
14
26
13
24
1
11
14
17
1
3
1
18
21
29
13
16
23
17
8
12
6
23
34
43
32
18
21
23
16
20
35
43
27
50
34
73
26
25
17
27
24
6
12
31
12
14
16
11
12
35
21
13
3
32
9
12
5
28
34
4
22
2
7
26
15
4
15
18
3
1
19
9
13
12
26
9
14
16
16
31
27
7
12
40
36
25
5
14
15
24
0
25
21
36
32
15
29
42
41
15
10
4
17
34
28
17
7
24
16
6
1
23
46
20
23
17
4
19
24
66
26
36
5
22
15
21
22
8
12
15
26
9
31
18
35
21
24
8
4
30
29
20
14
26
18
22
29
45
15
19
1
18
12
6
12
22
1
19
8
21
1
18
29
8
1
19
43
25
55
22
31
36
49
22
10
8
12
9
8
19
15
19
12
5
1
11
23
13
23
34
31
14
38
26
16
19
19
20
14
12
19
12
18
12
11
39
1
0
28
15
11
18
23
30
23
5
13
17
11
20
7
12
4
17
4
53
2
1
1
1
13
39
1
24
74
3
38
35
44
17
33
38
26
35
64
29
40
30
27
14
16
19
17
25
16
29
0
38
14
25
7
11
15
8
24
16
16
4
13
30
15
12
27
21
11
14
22
19
11
11
14
14
28
29
30
14
20
11
39
20
43
17
20
21
3
1
17
27
14
1
4
19
8
8
27
32
20
17
14
20
16
17
30
44
8
10
21
27
25
22
28
12
26
10
19
14
22
27
17
10
1
0
38
34
8
20
38
26
25
20
33
36
1
1
0
12
9
7
13
12
31
13
19
31
9
13
13
26
24
10
1
7
1
16
12
9
11
18
25
9
21
14
12
5
8
11
12
4
20
32
2
27
40
5
7
37
9
18
29
18
18
10
15
33
93
19
26
22
29
20
19
20
32
31
23
21
11
30
7
15
29
20
9
41
27
19
10
14
20
39
27
25
18
29
8
6
27
19
32
17
16
29
16
29
22
21
15
24
15
24
6
1
1
1
3
1
43
15
12
71
12
16
5
15
41
26
6
20
26
11
7
15
9
17
19
27
13
47
18
22
11
22
12
23
9
11
31
12
4
27
26
11
27
14
15
10
1
39
34
13
17
22
46
13
29
16
10
24
1
12
16
9
10
7
4
1
20
27
18
18
7
9
10
25
45
32
30
21
19
20
12
5
5
12
7
10
21
16
38
27
21
13
10
50
40
25
18
27
27
22
17
25
46
23
5
59
39
34
20
69
39
35
46
25
10
25
44
17
14
28
21
39
14
18
16
33
7
11
9
42
12
2
44
5
19
27
23
40
3
26
23
28
8
37
1
24
31
54
15
34
31
36
18
10
6
15
16
17
19
10
22
28
33
27
31
7
32
50
13
37
30
36
37
27
10
9
27
28
17
25
24
7
28
8
10
14
23
24
24
20
22
10
13
7
36
15
22
41
49
39
54
42
23
31
24
8
25
26
25
17
20
11
35
13
27
17
27
13
9
27
32
16
25
31
25
31
27
15
35
22
51
9
12
16
46
4
24
14
20
39
20
9
35
20
1
8
18
27
4
36
3
28
25
12
33
35
5
52
16
15
2
19
28
18
25
1
1
1
14
1
10
25
11
13
30
39
29
37
18
15
10
16
34
22
3
10
17
26
27
2
13
18
19
34
14
11
9
53
38
15
13
2
5
12
28
3
12
11
3
25
1
1
1
23
5
25
22
8
4
14
19
11
15
12
9
12
8
9
6
4
9
7
29
30
13
9
7
20
14
6
21
32
6
17
31
5
9
13
15
16
10
9
22
20
9
13
14
7
19
17
32
11
26
28
12
9
8
19
16
9
24
6
13
3
14
34
20
18
16
11
11
26
60
13
12
1
5
25
12
7
15
15
17
11
9
21
11
6
1
16
20
2
1
7
8
1
11
8
12
15
16
29
26
14
41
28
43
40
7
27
25
45
55
0
11
21
15
25
15
12
10
22
29
10
14
14
9
22
30
8
12
8
1
24
30
32
28
11
18
23
4
6
17
16
20
25
2
24
7
18
19
1
8
9
11
1
1
1
10
1
8
51
5
35
29
5
19
19
32
7
14
8
37
24
21
46
35
23
5
4
8
34
19
29
25
20
0
32
14
12
18
1
15
21
3
42
3
13
49
17
3
48
27
26
31
3
62
21
25
26
1
0
9
10
1
25
10
1
6
16
7
1
26
8
20
16
38
26
21
21
8
15
14
32
20
20
34
28
19
17
2
20
23
19
40
45
52
71
1
20
50
53
72
37
7
13
27
28
1
18
24
57
32
10
30
36
12
57
7
6
6
21
18
73
30
21
17
30
79
25
44
41
36
27
22
37
42
1
40
25
40
20
14
4
40
24
50
20
29
31
41
14
44
7
37
44
19
26
13
29
11
34
8
31
34
18
10
23
31
11
16
24
24
23
23
19
2
1
17
3
5
8
13
40
17
11
14
11
13
16
1
23
35
1
12
17
2
10
36
5
14
8
16
7
20
23
20
13
14
28
23
32
47
29
24
27
4
10
10
19
45
35
34
1
1
1
2
1
1
2
21
36
7
14
2
21
35
40
20
4
4
10
13
15
42
21
29
24
15
7
30
29
3
0
2
34
1
9
26
19
63
25
4
27
33
28
7
33
16
21
23
11
11
64
18
5
48
14
53
32
10
9
69
18
1
25
12
29
24
19
11
3
1
3
8
20
15
18
10
18
6
13
14
5
14
38
3
1
20
1
4
15
1
6
17
1
6
11
7
10
1
6
32
32
29
6
1
13
18
11
17
10
1
31
11
11
8
1
1
19
4
1
15
7
14
17
1
0
3
1
14
19
25
21
6
18
1
1
14
16
30
4
22
31
1
1
25
29
28
21
2
44
11
11
10
10
6
37
11
18
15
43
10
52
30
31
26
20
10
20
16
1
5
2
1
0
23
37
24
18
56
26
17
16
4
30
38
9
18
11
4
2
7
26
34
25
12
27
34
18
22
30
26
6
10
17
26
15
24
11
28
27
6
1
19
12
9
37
4
17
22
15
37
1
7
25
45
14
53
11
21
3
27
9
17
21
14
14
28
